1 0.5858369098712446 0.759212962962963 0.16682403433476398 0.4378703703703703
1 0.8250643776824035 0.7240277777777777 0.2860085836909871 0.5253240740740741
1 0.415793991416309 0.7806481481481482 0.16364806866952789 0.391574074074074
1 0.27034334763948503 0.7943518518518519 0.12394849785407726 0.38129629629629636
1 0.11931330472103005 0.8072222222222223 0.16210300429184551 0.338425925925926
1 0.8997854077253219 0.18546296296296297 0.0952789699570815 0.30893518518518526
1 0.4872961373390558 0.2600925925925926 0.11278969957081546 0.3998611111111111
1 0.6335193133047211 0.18462962962962967 0.09051502145922737 0.3140740740740741
1 0.7249356223175966 0.18203703703703708 0.08575107296137346 0.3123611111111111
1 0.814763948497854 0.18203703703703708 0.08098712446351933 0.3123611111111111
1 0.36648068669527895 0.26263888888888887 0.11596566523605155 0.405
1 0.23854077253218883 0.2678240740740741 0.11759656652360517 0.40157407407407403
1 0.10819742489270387 0.24467592592592594 0.11759656652360513 0.44101851851851853