1 0.818296875 0.6575294117647058 0.23684374999999996 0.29294117647058826
1 0.65234375 0.888235294117647 0.2421875 0.2235294117647059
1 0.212203125 0.5717882352941176 0.22107812500000001 0.22567058823529404
1 0.21164062499999997 0.7331764705882353 0.22889062500000001 0.2055764705882353
1 0.4103125 0.31374117647058825 0.19992187500000003 0.14315294117647057
1 0.63690625 0.38181176470588235 0.20220312499999996 0.16167058823529407
1 0.58946875 0.2759058823529412 0.19884374999999999 0.1851529411764706
1 0.794296875 0.3154117647058824 0.19329687500000006 0.18684705882352937
1 0.42037500000000005 0.6138117647058824 0.22893749999999996 0.23239999999999997
1 0.41981250000000003 0.8357411764705882 0.25237499999999996 0.2459764705882352
1 0.070390625 0.1380470588235294 0.14078125 0.12119999999999997
1 0.3706875 0.09854117647058824 0.18317187500000004 0.13967058823529413
1 0.5688125 0.1456235294117647 0.18209374999999994 0.13632941176470587
1 0.9014374999999999 0.1380470588235294 0.19332812500000002 0.15145882352941178
1 0.937546875 0.39105882352941174 0.12490625000000008 0.1969882352941177
1 0.95703125 0.6223529411764706 0.0859375 0.3035294117647059
1 0.055874999999999994 0.5297647058823529 0.11174999999999999 0.20545882352941175
1 0.055874999999999994 0.6920000000000001 0.11174999999999999 0.21058823529411766
1 0.07709375 0.41543529411764707 0.154171875 0.18522352941176476
1 0.21164062499999997 0.30364705882352944 0.20434374999999996 0.1666823529411765
1 0.07095312499999999 0.26498823529411764 0.141890625 0.1632941176470588